0.640874981880188
0.8945000171661377
0.9118750095367432
0.9164999723434448
0.9247499704360962
0.9275000095367432
0.9271249771118164
0.934249997138977
0.9356250166893005
0.937125027179718
0.9386249780654907
0.9367499947547913
0.9411249756813049
0.9419999718666077
0.9394999742507935
0.9463750123977661
0.9416249990463257
0.9474999904632568
0.9480000138282776
0.9462500214576721
0.949999988079071
0.9496250152587891
0.9488750100135803
0.9506250023841858
0.9497500061988831
0.9517499804496765
0.9502500295639038
0.953249990940094
0.9539999961853027
0.9537500143051147
0.9549999833106995
0.9570000171661377
0.9545000195503235
0.9542499780654907
0.9564999938011169
0.9585000276565552
0.9583749771118164
0.9573749899864197
0.9603750109672546
0.9564999938011169
