0.5898517966270447
0.24477538466453552
0.18485713005065918
0.16486698389053345
0.1496562659740448
0.14713579416275024
0.14005543291568756
0.13540564477443695
0.1272275745868683
0.12540216743946075
0.12527842819690704
0.12385184317827225
0.11979478597640991
0.11828325688838959
0.12044855952262878
0.11014585942029953
0.11563508212566376
0.11325175315141678
0.11167043447494507
0.11274101585149765
0.10775353014469147
0.10662709176540375
0.10450727492570877
0.10474507510662079
0.10034064948558807
0.10140565037727356
0.10176561772823334
0.09634017944335938
0.1013815701007843
0.09718344360589981
0.09702500700950623
0.09763924777507782
0.09625978022813797
0.0979059636592865
0.09584688395261765
0.09093887358903885
0.09422996640205383
0.09425312280654907
0.08855285495519638
0.09358157962560654
