0.550000011920929
0.7350000143051147
0.8939999938011169
0.9113749861717224
0.9201250076293945
0.9247499704360962
0.9308750033378601
0.9337499737739563
0.9347500205039978
0.9384999871253967
0.9408749938011169
0.9442499876022339
0.9459999799728394
0.9442499876022339
0.9458749890327454
0.9463750123977661
0.9490000009536743
0.9495000243186951
0.9509999752044678
0.949999988079071
0.9521250128746033
0.9537500143051147
0.9537500143051147
0.9543750286102295
0.9553750157356262
0.956125020980835
0.956375002861023
0.9583749771118164
0.9578750133514404
0.9578750133514404
0.9568750262260437
0.9593750238418579
0.9582499861717224
0.9593750238418579
0.9596250057220459
0.9606249928474426
0.9588750004768372
0.9614999890327454
0.9618750214576721
0.9603750109672546
