0.6751985549926758
0.5225291848182678
0.2571859061717987
0.17852400243282318
0.15727363526821136
0.1430923044681549
0.1353044956922531
0.130857914686203
0.12534739077091217
0.1205274760723114
0.1175062283873558
0.11269732564687729
0.1121426448225975
0.11025125533342361
0.10826544463634491
0.10665769875049591
0.1020025983452797
0.1019868552684784
0.10100298374891281
0.09901883453130722
0.0965404137969017
0.09672831743955612
0.09412753582000732
0.09587279707193375
0.09267522394657135
0.09221820533275604
0.09039339423179626
0.08850732445716858
0.08929965645074844
0.08833147585391998
0.08925985544919968
0.08751265704631805
0.08429640531539917
0.08477544039487839
0.08417686820030212
0.08658821135759354
0.08461643010377884
0.0833568125963211
0.08288010209798813
0.08118324726819992
