0.5797500014305115
0.7950000166893005
0.893750011920929
0.9077500104904175
0.9179999828338623
0.9179999828338623
0.9247499704360962
0.9277499914169312
0.9268749952316284
0.9315000176429749
0.9326249957084656
0.934374988079071
0.9338750243186951
0.9392499923706055
0.9381250143051147
0.9381250143051147
0.9381250143051147
0.9398750066757202
0.9393749833106995
0.9416249990463257
0.9412500262260437
0.940500020980835
0.9421250224113464
0.9437500238418579
0.9456250071525574
0.9432500004768372
0.9426249861717224
0.9451249837875366
0.9476249814033508
0.9455000162124634
0.9453750252723694
0.9481250047683716
0.9466249942779541
0.9421250224113464
0.9461249709129333
0.9495000243186951
0.9480000138282776
0.9490000009536743
0.9468749761581421
0.9481250047683716
