0.6573794484138489
0.447183221578598
0.2366817742586136
0.18594203889369965
0.16639405488967896
0.15735891461372375
0.15092730522155762
0.14118903875350952
0.1415465921163559
0.1326739639043808
0.1302383840084076
0.1299305558204651
0.1268402338027954
0.12491071969270706
0.12145192921161652
0.12341847270727158
0.12168009579181671
0.12085489928722382
0.11919470131397247
0.11663170903921127
0.11725424975156784
0.1175277978181839
0.11401079595088959
0.11210103332996368
0.11155510693788528
0.11107398569583893
0.11315157264471054
0.10984193533658981
0.1104438528418541
0.10889949649572372
0.11226843297481537
0.10656385123729706
0.10714244842529297
0.10991308093070984
0.10889992117881775
0.10144278407096863
0.10837393254041672
0.106041319668293
0.10785069316625595
0.10521922260522842
