0.6143749952316284
0.8858749866485596
0.9158750176429749
0.922124981880188
0.9298750162124634
0.9298750162124634
0.9338750243186951
0.9380000233650208
0.9408749938011169
0.9433749914169312
0.9436249732971191
0.9461249709129333
0.9482499957084656
0.9491249918937683
0.9505000114440918
0.9508749842643738
0.9520000219345093
0.9518749713897705
0.9547500014305115
0.9537500143051147
0.9542499780654907
0.9577500224113464
0.956250011920929
0.9577500224113464
0.9576249718666077
0.9574999809265137
0.9586250185966492
0.9559999704360962
0.9578750133514404
0.9610000252723694
0.9614999890327454
0.9595000147819519
0.9631249904632568
0.9620000123977661
0.9597499966621399
0.9621250033378601
0.9617499709129333
0.9589999914169312
0.9614999890327454
0.9623749852180481
