0.6257870197296143
0.25179505348205566
0.17975395917892456
0.1563151776790619
0.14356669783592224
0.13642658293247223
0.13301654160022736
0.12590621411800385
0.1209268718957901
0.11851999908685684
0.11530059576034546
0.11087346076965332
0.10835477709770203
0.10705508291721344
0.10479631274938583
0.10226871073246002
0.10124224424362183
0.1011316180229187
0.09683313220739365
0.0973835438489914
0.09489581733942032
0.09332514554262161
0.09194093197584152
0.09159652143716812
0.0921810194849968
0.09045413136482239
0.09006481617689133
0.089739590883255
0.09096110612154007
0.0858173668384552
0.08384241163730621
0.0838240534067154
0.08593398332595825
0.08586689084768295
0.08554334938526154
0.08340919762849808
0.0829676166176796
0.08504477143287659
0.08643689751625061
0.08440347015857697
